2
5
9
11
13
16
17
29
57
58
59
60
61
62
74
78
79
80
81
82
87
88
89
98
109
110
132
134
135
136
137
139
142
143
144
145
146
148
149
155
159
160
161
170
172
177
179
180
181
183
185
187
190
201
202
203
204
205
206
207
208
219
220
221
223
225
226
228
229
235
246
249
251
252
253
254
255
261
263
264
266
267
268
269
270
271
272
273
274
275
276
277
278
279
281
282
283
285
288
289
293
294
303
304
305
309
310
311
313
316
317
318
319
323
326
331
338
339
340
344
345
346
347
348
349
354
365
370
371
372
373
374
375
379
383
387
388
389
392
394
395
396
397
400
402
403
404
405
406
410
411
415
417
418
422
425
426
429
431
432
435
438
450
451
458
463
464
465
473
480
482
483
484
485
486
488
491
492
493
494
495
496
497
498
499
500
501
502
503
504
505
506
507
508
509
511
512
513
514
515